	url32 : 0.862728
	url22 : 0.783546
	url34 : 0.686636
	url23 : 0.431364
